1 123.066321
2 121.545574
3 118.988283
4 117.357768
6 115.550144
7 113.655717
8 110.603877
9 109.820469
10 106.125663
11 106.013997
12 105.154990
13 103.463655
16 102.771439
17 100.204052
19 99.027763
22 95.569861
23 94.870400
24 91.788689
30 90.752746
31 89.433141
33 89.424825
34 86.200831
35 85.222360
40 84.596747
45 82.153094
46 80.833688
50 80.613302
51 79.460876
57 78.631345
59 77.863346
61 77.391210
63 77.186700
65 75.358865
67 75.177602
69 74.717446
73 72.280244
82 71.057030
87 70.345624
88 68.185860
92 67.936600
96 66.609784
