1 108.833184
2 103.871973
3 99.929033
7 98.642150
8 95.748855
10 93.166744
11 87.920885
18 85.840100
20 85.677674
21 85.261707
22 85.014602
23 81.687813
24 80.438763
28 76.560969
31 75.711054
35 75.519662
36 74.227253
39 72.336702
40 72.169847
45 69.771502
53 68.847840
56 66.853382
63 65.462187
68 65.045846
69 64.329163
70 63.295325
72 61.702966
80 60.689773
87 60.665687
90 60.550800
91 59.058242
101 58.541505
102 58.084580
108 58.043587
109 57.326372
110 57.179812
112 56.719522
113 56.678767
117 55.892394
119 55.649753
126 55.063967
134 54.633885
